5.995877 2.377393
5.580024 1.880425
6.476964 4.659831
6.479231 3.327473
7.921199 3.361334
4.765571 3.420880
5.333995 1.859286
4.839337 4.385015
5.459132 1.727347
5.520541 1.819644
5.581225 1.809752
5.555137 3.219682
5.515804 4.568452
5.775037 3.379937
6.406260 4.389687
7.056559 5.523513
5.653770 2.583205
7.733651 5.530453
6.827970 3.371563
7.157079 6.814489
5.070100 2.757251
4.265629 1.053278
6.310167 3.352317
6.326659 2.155694
4.386990 -0.284055
4.590376 2.567131
6.333996 3.560108
6.983263 4.603246
7.286743 2.633373
5.128859 1.252517
6.573595 2.671231
6.582723 1.931070
5.969571 6.879857
5.002108 2.873142
4.952201 1.354997
6.702517 4.083247
4.404251 3.717923
5.720205 3.795401
6.133266 4.417196
7.036881 4.387921
5.659280 0.588793
4.678971 1.018124
6.330180 4.755978
5.317270 2.257794
7.686266 4.499796
5.176598 3.255227
6.162230 1.627972
7.937605 4.567236
7.000016 3.036609
5.983952 0.853031
6.454576 3.872900
8.279444 3.296440
7.328768 3.157169
4.739769 0.219132
6.175235 2.243046
7.010210 4.310416
4.543914 4.306605
6.273857 1.542802
5.935334 3.457304
6.273575 3.940844
5.236238 4.003673
4.266770 3.670237
4.982601 0.719162
7.778679 4.274724
5.876923 4.701393
5.097299 3.188132
7.392534 5.957114
6.871826 5.344076
5.181671 5.850936
7.019789 -0.116915
7.053414 3.221379
5.265947 2.019905
6.512180 1.278428
5.648285 2.010180
7.186614 5.852088
4.802699 2.287724
5.612431 4.133641
6.778670 5.888319
5.924548 2.529059
6.546814 2.770951
7.648380 2.190232
5.595520 2.328506
4.960410 1.271252
7.482114 3.670301
5.585046 2.396463
6.301951 2.145801
5.447902 0.973132
4.511710 1.460486
5.101279 2.422048
7.244898 2.531981
5.606161 3.247884
5.857524 2.696155
6.284641 2.812034
7.116428 5.065512
6.144577 6.438360
5.754776 4.064869
5.191275 3.392197
6.552907 3.375445
4.018858 1.867317
4.885314 3.099447
6.698539 2.664348
6.423938 1.119702
4.788683 2.814298
6.509459 2.322538
6.445378 3.867469
4.876473 1.047412
5.931906 1.138230
7.519875 1.979487
5.531805 3.095225
4.721606 4.980134
6.150608 3.390868
5.468591 3.356534
5.659702 2.981534
6.389115 3.592851
5.947981 6.393220
5.638133 1.626590
5.021218 2.117226
5.221841 1.504930
5.029012 3.387429
5.425890 2.987065
7.670178 3.639204
6.140077 4.168800
5.478837 1.195154
5.878697 3.092188
6.232739 3.445627
6.261907 5.455332
6.302362 3.982120
7.034577 3.737628
5.673765 0.838135
6.336893 1.093047
5.413130 3.464659
4.236445 0.809634
5.457414 2.288757
7.345211 2.636903
5.663602 3.038902
6.969440 3.976523
6.570936 5.908964
5.433398 5.256615
7.815168 5.748564
6.828610 5.123251
6.856260 1.875824
5.137046 4.273469
5.386131 1.226286
6.613270 1.091023
7.138186 8.347127
5.974974 3.445109
7.624084 3.122036
5.878759 2.930659
6.681206 3.554142
6.003194 0.002374
7.037813 2.654945
5.689705 3.560194
5.970225 3.031653
4.569087 -0.363706
6.286744 2.478922
6.085131 2.839286
6.500995 3.451859
6.320844 0.781117
5.365013 2.946692
6.629962 5.635780
8.476213 2.342728
5.391454 3.230170
6.884444 5.536765
5.451883 3.185765
5.138191 3.279096
4.934807 1.601476
6.545842 3.095530
6.031538 1.362175
6.828864 3.376497
5.819737 2.079005
4.884953 1.303056
5.811830 4.971819
5.930018 2.783713
6.580974 4.300178
4.851682 2.778327
4.251456 0.363592
6.435295 0.551532
5.263304 0.431159
5.534412 3.089484
6.522139 2.911601
6.017392 4.112219
6.156461 2.553711
7.123529 1.832820
7.011207 3.813736
6.003408 4.597842
5.495612 3.048370
4.867473 1.975507
6.299561 2.589717
8.194378 6.300602
6.993346 4.987188
6.213413 2.519651
4.958450 0.354523
4.837046 0.900837
5.497175 3.147819
2.449855 -0.950075
6.395969 2.703234
7.179682 3.609030
6.104909 2.113831
5.689701 1.888180
7.283470 3.527689